   t                          y
   1.0000000000000000E-004   4.9907000000000004     
   2.0000000000000001E-004   4.9814185653686529     
   3.0000000000000003E-004   4.9721556579589850     
   4.0000000000000002E-004   4.9629112419128427     
   5.0000000000000001E-004   4.9536852790832526     
   6.0000000000000006E-004   4.9444777336120609     
   7.0000000000000010E-004   4.9352885681152348     
   8.0000000000000015E-004   4.9261177459716805     
   9.0000000000000019E-004   4.9169652305603035     
   1.0000000000000002E-003   4.9078309852600102     
   1.1000000000000003E-003   4.8987149734497075     
   1.2000000000000003E-003   4.8896171585083010     
   1.3000000000000004E-003   4.8805375045776369     
   1.4000000000000004E-003   4.8714759750366214     
   1.5000000000000005E-003   4.8624325332641609     
   1.6000000000000005E-003   4.8534071434021007     
   1.7000000000000006E-003   4.8443997695922860     
   1.8000000000000006E-003   4.8354103752136242     
   1.9000000000000006E-003   4.8264389244079604     
   2.0000000000000005E-003   4.8174853820800791     
   2.1000000000000003E-003   4.8085497116088876     
   2.2000000000000001E-003   4.7996318778991709     
   2.3000000000000000E-003   4.7907318443298346     
   2.3999999999999998E-003   4.7818495758056647     
   2.4999999999999996E-003   4.7729850372314457     
   2.5999999999999994E-003   4.7641381927490238     
   2.6999999999999993E-003   4.7553090072631843     
   2.7999999999999991E-003   4.7464974449157724     
   2.8999999999999989E-003   4.7377034706115735     
   2.9999999999999988E-003   4.7289270492553719     
   3.0999999999999986E-003   4.7201681457519538     
   3.1999999999999984E-003   4.7114267250061044     
   3.2999999999999982E-003   4.7027027526855480     
   3.3999999999999981E-003   4.6939961929321301     
   3.4999999999999979E-003   4.6853070114135758     
   3.5999999999999977E-003   4.6766351737976093     
   3.6999999999999976E-003   4.6679806442260761     
   3.7999999999999974E-003   4.6593433891296403     
   3.8999999999999972E-003   4.6507233734130873     
   3.9999999999999975E-003   4.6421205627441422     
   4.0999999999999977E-003   4.6335349227905285     
   4.1999999999999980E-003   4.6249664192199722     
   4.2999999999999983E-003   4.6164150177001968     
   4.3999999999999985E-003   4.6078806846618665     
   4.4999999999999988E-003   4.5993633850097666     
   4.5999999999999991E-003   4.5908630851745613     
   4.6999999999999993E-003   4.5823797508239750     
   4.7999999999999996E-003   4.5739133483886718     
   4.8999999999999998E-003   4.5654638435363770     
   5.0000000000000001E-003   4.5570312026977540     
   5.1000000000000004E-003   4.5486153923034669     
   5.2000000000000006E-003   4.5402163787841801     
   5.3000000000000009E-003   4.5318341285705568     
   5.4000000000000012E-003   4.5234686080932622     
   5.5000000000000014E-003   4.5151197837829598     
   5.6000000000000017E-003   4.5067876220703136     
   5.7000000000000019E-003   4.4984720893859871     
   5.8000000000000022E-003   4.4901731529235844     
   5.9000000000000025E-003   4.4818907798767098     
   6.0000000000000027E-003   4.4736249366760266     
   6.1000000000000030E-003   4.4653755897521981     
   6.2000000000000033E-003   4.4571427070617684     
   6.3000000000000035E-003   4.4489262550354010     
   6.4000000000000038E-003   4.4407262008666999     
   6.5000000000000040E-003   4.4325425117492685     
   6.6000000000000043E-003   4.4243751556396491     
   6.7000000000000046E-003   4.4162240989685069     
   6.8000000000000048E-003   4.4080893096923841     
   6.9000000000000051E-003   4.3999707550048841     
   7.0000000000000053E-003   4.3918684028625501     
   7.1000000000000056E-003   4.3837822204589854     
   7.2000000000000059E-003   4.3757121757507331     
   7.3000000000000061E-003   4.3676582359313976     
   7.4000000000000064E-003   4.3596203689575210     
   7.5000000000000067E-003   4.3515985427856458     
   7.6000000000000069E-003   4.3435927253723161     
   7.7000000000000072E-003   4.3356028846740742     
   7.8000000000000074E-003   4.3276289894104023     
   7.9000000000000077E-003   4.3196710067749047     
   8.0000000000000071E-003   4.3117289054870627     
   8.1000000000000065E-003   4.3038026535034204     
   8.2000000000000059E-003   4.2958922187805202     
   8.3000000000000053E-003   4.2879975700378443     
   8.4000000000000047E-003   4.2801186759948759     
   8.5000000000000041E-003   4.2722555046081574     
   8.6000000000000035E-003   4.2644080245971709     
   8.7000000000000029E-003   4.2565762046813997     
   8.8000000000000023E-003   4.2487600135803252     
   8.9000000000000017E-003   4.2409594200134304     
   9.0000000000000011E-003   4.2331743934631376     
   9.1000000000000004E-003   4.2254049018859892     
   9.1999999999999998E-003   4.2176509140014673     
   9.2999999999999992E-003   4.2099123992919942     
   9.3999999999999986E-003   4.2021893272399922     
   9.4999999999999980E-003   4.1944816665649434     
   9.5999999999999974E-003   4.1867893859863301     
   9.6999999999999968E-003   4.1791124549865746     
   9.7999999999999962E-003   4.1714508430480981     
   9.8999999999999956E-003   4.1638045196533229     
   9.9999999999999950E-003   4.1561734542846702     
   1.0099999999999994E-002   4.1485576164245632     
   1.0199999999999994E-002   4.1409569747924833     
   1.0299999999999993E-002   4.1333714996337916     
   1.0399999999999993E-002   4.1258011611938503     
   1.0499999999999992E-002   4.1182459281921417     
   1.0599999999999991E-002   4.1107057708740262     
   1.0699999999999991E-002   4.1031806594848659     
   1.0799999999999990E-002   4.0956705635070829     
   1.0899999999999990E-002   4.0881754524230987     
   1.0999999999999989E-002   4.0806952972412143     
   1.1099999999999988E-002   4.0732300674438511     
   1.1199999999999988E-002   4.0657797332763703     
   1.1299999999999987E-002   4.0583442649841341     
   1.1399999999999987E-002   4.0509236328125029     
   1.1499999999999986E-002   4.0435178070068387     
   1.1599999999999985E-002   4.0361267578125029     
   1.1699999999999985E-002   4.0287504562377956     
   1.1799999999999984E-002   4.0213888725280791     
   1.1899999999999984E-002   4.0140419769287137     
   1.1999999999999983E-002   4.0067097404480005     
   1.2099999999999982E-002   3.9993921333313014     
   1.2199999999999982E-002   3.9920891265869165     
   1.2299999999999981E-002   3.9848006912231471     
   1.2399999999999980E-002   3.9775267982482934     
   1.2499999999999980E-002   3.9702674179077171     
   1.2599999999999979E-002   3.9630225219726585     
   1.2699999999999979E-002   3.9557920806884788     
   1.2799999999999978E-002   3.9485760658264182     
   1.2899999999999977E-002   3.9413744476318380     
   1.2999999999999977E-002   3.9341871986389179     
   1.3099999999999976E-002   3.9270142890930195     
   1.3199999999999976E-002   3.9198556907653828     
   1.3299999999999975E-002   3.9127113746643087     
   1.3399999999999974E-002   3.9055813125610372     
   1.3499999999999974E-002   3.8984654754638695     
   1.3599999999999973E-002   3.8913638351440452     
   1.3699999999999973E-002   3.8842763633728050     
   1.3799999999999972E-002   3.8772030319213888     
   1.3899999999999971E-002   3.8701438125610372     
   1.3999999999999971E-002   3.8630986770629905     
   1.4099999999999970E-002   3.8560675971984884     
   1.4199999999999970E-002   3.8490505447387715     
   1.4299999999999969E-002   3.8420474914550802     
   1.4399999999999968E-002   3.8350584091186546     
   1.4499999999999968E-002   3.8280832702636740     
   1.4599999999999967E-002   3.8211220474243186     
   1.4699999999999967E-002   3.8141747116088891     
   1.4799999999999966E-002   3.8072412361145043     
   1.4899999999999965E-002   3.8003215927124048     
   1.4999999999999965E-002   3.7934157539367699     
   1.5099999999999964E-002   3.7865236923217798     
   1.5199999999999964E-002   3.7796453796386742     
   1.5299999999999963E-002   3.7727807891845728     
   1.5399999999999962E-002   3.7659298927307154     
   1.5499999999999962E-002   3.7590926635742212     
   1.5599999999999961E-002   3.7522690742492699     
   1.5699999999999961E-002   3.7454590972900412     
   1.5799999999999960E-002   3.7386627052307149     
   1.5899999999999959E-002   3.7318798713684100     
   1.5999999999999959E-002   3.7251105690002460     
   1.6099999999999958E-002   3.7183547698974628     
   1.6199999999999957E-002   3.7116124481201189     
   1.6299999999999957E-002   3.7048835762023944     
   1.6399999999999956E-002   3.6981681274414080     
   1.6499999999999956E-002   3.6914660743713394     
   1.6599999999999955E-002   3.6847773910522474     
   1.6699999999999954E-002   3.6781020500183117     
   1.6799999999999954E-002   3.6714400253295909     
   1.6899999999999953E-002   3.6647912902832043     
   1.6999999999999953E-002   3.6581558174133311     
   1.7099999999999952E-002   3.6515335807800304     
   1.7199999999999951E-002   3.6449245544433606     
   1.7299999999999951E-002   3.6383287109375013     
   1.7399999999999950E-002   3.6317460243225113     
   1.7499999999999950E-002   3.6251764686584487     
   1.7599999999999949E-002   3.6186200172424332     
   1.7699999999999948E-002   3.6120766441345231     
   1.7799999999999948E-002   3.6055463233947771     
   1.7899999999999947E-002   3.5990290283203143     
   1.7999999999999947E-002   3.5925247329711931     
   1.8099999999999946E-002   3.5860334114074726     
   1.8199999999999945E-002   3.5795550384521504     
   1.8299999999999945E-002   3.5730895874023458     
   1.8399999999999944E-002   3.5666370323181171     
   1.8499999999999944E-002   3.5601973480224629     
   1.8599999999999943E-002   3.5537705078125019     
   1.8699999999999942E-002   3.5473564872741719     
   1.8799999999999942E-002   3.5409552597045919     
   1.8899999999999941E-002   3.5345667999267598     
   1.8999999999999941E-002   3.5281910823822042     
   1.9099999999999940E-002   3.5218280818939229     
   1.9199999999999939E-002   3.5154777725219746     
   1.9299999999999939E-002   3.5091401290893574     
   1.9399999999999938E-002   3.5028151264190694     
   1.9499999999999938E-002   3.4965027389526386     
   1.9599999999999937E-002   3.4902029415130635     
   1.9699999999999936E-002   3.4839157093048114     
   1.9799999999999936E-002   3.4776410167694110     
   1.9899999999999935E-002   3.4713788391113298     
   1.9999999999999934E-002   3.4651291511535662     
   2.0099999999999934E-002   3.4588919277191179     
